0 7 8 4 6 6 4 5 9 5 7 9 5 6 9 1 2
7 0 9 5 9 5 3 2 7 8 1 6 9 7 8 6 5
8 9 0 6 3 8 4 4 2 3 9 9 4 2 2 3 9
4 5 6 0 2 2 9 1 1 5 4 7 7 1 6 4 6
6 9 3 2 0 1 6 6 8 2 8 1 2 8 4 3 7
6 5 8 2 1 0 7 2 7 4 7 4 7 9 2 6 8
4 3 4 9 6 7 0 5 6 6 5 6 2 9 9 2 9
5 2 4 1 6 2 5 0 2 1 3 7 5 6 9 4 8
9 7 2 1 8 7 6 2 0 6 5 4 8 2 1 5 8
5 8 3 5 2 4 6 1 6 0 2 1 2 1 1 3 3
7 1 9 4 8 7 5 3 5 2 0 1 3 9 1 8 9
9 6 9 7 1 4 6 7 4 1 1 0 4 8 8 1 6
5 9 4 7 2 7 2 5 8 2 3 4 0 9 3 8 5
6 7 2 1 8 9 9 6 2 1 9 8 9 0 3 4 3
9 8 2 6 4 2 9 9 1 1 1 8 3 3 0 3 2
1 6 3 4 3 6 2 4 5 3 8 1 8 4 3 0 6
2 5 9 6 7 8 9 8 8 3 9 6 5 3 2 6 0
