0 7 6 2 2 8 1 1 7 6 7 7 1 2 4 7 7 2
7 0 1 1 5 3 9 8 5 1 3 7 1 5 8 6 8 1
6 1 0 5 1 3 4 3 9 2 7 3 9 8 1 9 8 4
2 1 5 0 9 9 4 5 8 3 3 2 3 7 7 9 3 3
2 5 1 9 0 5 6 7 1 5 9 4 1 6 2 6 8 5
8 3 3 9 5 0 9 1 1 5 9 5 9 7 5 4 4 2
1 9 4 4 6 9 0 4 5 8 7 9 4 2 2 2 3 5
1 8 3 5 7 1 4 0 7 5 8 4 9 3 2 8 1 7
7 5 9 8 1 1 5 7 0 7 8 6 9 8 8 9 1 8
6 1 2 3 5 5 8 5 7 0 5 4 3 2 2 9 2 6
7 3 7 3 9 9 7 8 8 5 0 9 4 8 2 8 5 4
7 7 3 2 4 5 9 4 6 4 9 0 5 7 6 7 5 8
1 1 9 3 1 9 4 9 9 3 4 5 0 2 2 9 3 4
2 5 8 7 6 7 2 3 8 2 8 7 2 0 5 6 3 8
4 8 1 7 2 5 2 2 8 2 2 6 2 5 0 9 8 8
7 6 9 9 6 4 2 8 9 9 8 7 9 6 9 0 8 7
7 8 8 3 8 4 3 1 1 2 5 5 3 3 8 8 0 1
2 1 4 3 5 2 5 7 8 6 4 8 4 8 8 7 1 0
